0 9 0 0 13 3 11 0 0 2 1
0 9 0 0 2 0 0 0 0 0 14 0 1
7 13 10 0 0 16 0 0 0 0 0 1
12 0 0 7 9 0 0 0 0 2 0 0 2 1
2 0 0 10 0 16 0 7 0 0 0 1
3 0 19 7 13 17 0 1
0 0 0 12 0 0 7 11 2 1
0 0 0 13 2 11 0 0 0 13 7 1
16 0 0 0 9 0 0 0 7 0 0 1
3 13 0 12 10 15 0 11 10 2 14 0 1

3 0 0 0 0 0 0 0 15 16 0 1
0 0 17 0 9 8 0 0 0 0 14 2 0 10 0 1
2 0 3 16 0 0 0 0 1
12 10 15 0 9 2 0 0 0 0 11 0 1
3 0 19 0 13 0 0 17 0 18 2 0 1
8 0 19 0 0 0 0 2 0 0 0 1
0 3 0 0 2 0 0 0 0 0 1
7 0 0 0 12 2 14 0 1
3 0 18 17 0 0 0 0 15 11 0 2 1
0 17 0 0 18 7 9 2 14 10 0 0 1

3 0 0 0 0 0 0 0 7 1
8 0 2 14 10 0 18 0 11 0 1
0 0 0 9 10 0 18 0 0 0 10 0 18 2 1
7 0 0 9 11 2 0 0 1
3 0 0 0 9 0 12 2 14 0 1
8 0 0 0 0 0 0 9 0 9 11 0 0 1
2 0 7 0 0 11 0 0 1
3 0 12 17 0 0 0 11 10 2 14 0 1
0 3 9 0 13 0 0 15 9 0 2 9 11 0 1
0 10 0 9 3 0 19 7 11 2 0 0 0 1

3 6 4 5 0 7 0 2 1
8 6 4 5 0 7 12 0 14 0 2 1
3 6 4 5 0 0 0 10 2 14 0 1
8 6 4 5 0 16 0 2 0 0 7 0 1
3 6 4 5 0 0 0 0 0 1
8 6 4 5 0 7 0 12 0 0 0 1
3 6 4 5 0 7 13 0 0 0 1
8 6 4 5 0 0 12 8 13 0 0 2 1
3 6 4 5 0 0 12 10 15 0 4 5 0 1
8 6 4 5 0 0 12 0 13 15 16 0 1

3 6 4 5 15 0 0 0 0 1
8 6 4 5 0 0 0 8 0 0 0 0 11 2 1
3 6 4 5 0 17 0 0 0 7 1
8 6 4 5 0 0 0 6 4 5 0 2 1
3 6 4 5 0 0 12 2 0 0 0 1
8 6 4 5 0 10 15 0 8 0 0 0 1
3 6 4 5 0 12 0 0 1
8 6 4 5 0 19 0 0 0 1
3 6 4 5 0 0 0 1
8 6 4 5 0 7 0 2 1
